3 -76.404702
4 -77.308427
5 -93.411888
6 -114.483613
12 -169.860788
23 -153.459846
24 -169.557758
25 -185.648533
26 -190.624631
27 -206.721858
28 -227.798785
50 -210.101789
51 -226.160842
52 -229.969129
53 -246.02915
58 -242.19573
59 -245.997884
61 -263.278851
62 -283.16874
112 -263.280728
113 -283.156647
114 -283.179781
165 -226.144377
166 -242.180146
167 -242.205627
168 -242.196351
169 -242.18601
170 -245.994065
171 -262.035127
172 -262.056533
173 -262.065493
174 -278.075775
175 -262.017735
176 -278.059333
177 -294.081616
185 -301.367422
186 -321.236907
187 -301.405558
188 -321.276274
189 -341.145624
198 -285.320198
199 -301.377995
200 -301.389192
209 -285.316421
210 -301.385442
211 -321.252793
214 -232.164586
215 -248.211932
216 -264.255612
217 -264.261826
218 -280.31408
245 -318.647923
249 -338.531538
282 -338.530072
283 -338.559964
321 -266.763445
322 -282.861121
323 -298.95295
324 -303.934323
325 -320.029854
326 -341.097446
484 -229.615446
485 -245.711897
486 -261.802956
490 -266.777425
491 -282.871678
721 -264.226909
722 -280.24835
723 -296.285473
724 -296.296482
725 -296.265627
752 -317.396153
753 -313.554802
754 -337.265273
755 -353.269456
757 -301.343578
759 -317.386479
765 -317.41389
771 -317.409527
773 -333.411326
774 -317.447668
775 -337.302324
776 -333.464063
777 -353.321142
778 -357.171724
779 -373.17391
780 -301.36359
781 -301.357437
782 -317.402836
783 -317.434422
784 -301.369263
785 -317.433049
786 -317.408548
787 -333.449362
788 -321.219665
789 -337.28389
790 -353.283458
805 -322.057728
858 -376.605641
859 -360.535142
860 -376.613178
879 -360.536972
895 -376.622507
896 -396.498209
897 -376.585
898 -396.458774
899 -416.367317
906 -339.459869
907 -335.643923
908 -355.514134
909 -323.433262
910 -339.489014
911 -343.296547
912 -359.354596
913 -375.410333
914 -335.656557
915 -323.407987
916 -339.455981
917 -339.450073
918 -339.465889
919 -355.516778
920 -323.448965
921 -339.498757
922 -339.489875
923 -339.50409
924 -355.556836
925 -343.312201
926 -359.361259
927 -359.351415
928 -359.369049
929 -375.420808
940 -287.509315
941 -303.556664
942 -319.610683
943 -319.606765
944 -303.566436
945 -319.624414
946 -319.610687
947 -319.62156
948 -335.683118
949 -307.387663
950 -323.437779
951 -323.433551
952 -339.491316
953 -339.482903
954 -323.448833
955 -339.501361
956 -339.491316
957 -339.501781
958 -355.557059
985 -376.599676
994 -360.531175
1005 -286.248451
1006 -306.113519
1007 -302.306196
1008 -322.172641
1009 -302.30389
1010 -322.169697
1011 -302.353948
1012 -322.216227
1013 -318.409788
1014 -338.273162
1015 -318.406529
1016 -338.268974
1017 -286.24688
1018 -302.303791
1019 -306.112153
1020 -322.17057
1021 -302.355005
1022 -318.40967
1023 -322.217569
1024 -338.273553
1025 -323.42867
1026 -343.292778
1027 -339.483894
1028 -359.350089
1029 -339.479764
1030 -359.345792
1031 -323.427722
1032 -339.481708
1033 -343.290242
1034 -359.346839
1035 -323.431776
1036 -339.486095
1201 -322.150234
1202 -338.246643
1370 -339.419688
1374 -339.418028
1375 -359.297522
1376 -375.393636
1377 -359.31705
1378 -376.595314
1379 -396.475511
1381 -376.588479
1382 -396.470299
1383 -396.486463
1584 -339.41629
1585 -355.515622
1586 -359.317823
1588 -376.587519
1589 -396.486691
1819 -339.490841
1820 -359.368793
1822 -359.388326
2114 -339.464024
2116 -359.362011
2499 -356.706262
2500 -376.604739
2501 -396.500849
3632 -302.288351
3633 -322.135917
3634 -318.323005
3635 -338.17596
3636 -302.288055
3637 -318.32151
3638 -322.135797
3639 -338.175569
3640 -338.195462
3641 -302.286171
3642 -318.344936
3643 -318.327053
3644 -334.36233
3645 -322.133444
3646 -338.194242
3647 -338.156727
3648 -354.197108
3813 -318.390876
3814 -338.234966
3815 -354.272548
3816 -318.393987
3817 -334.424572
3818 -338.238743
3819 -354.275774
3820 -354.290746
3821 -318.391203
3822 -334.447259
3823 -334.429558
3824 -338.23459
3825 -354.29246
3826 -354.254979
3827 -370.291993
3828 -335.586914
3829 -339.406341
3830 -355.442748
3831 -335.619981
3832 -335.590859
3833 -351.615495
3834 -355.468067
3835 -355.416555
3836 -371.449232
3841 -319.567241
3842 -335.61837
3843 -335.613384
3844 -335.591582
3845 -351.646368
3846 -339.414779
3847 -355.457663
3848 -355.460155
3849 -355.446449
3850 -371.491061
3857 -392.601894
3863 -376.570473
3864 -335.62848
3865 -335.635079
3866 -351.628383
3874 -392.642251
3875 -335.635972
3876 -351.666551
3886 -392.620909
3888 -412.528245
3893 -339.459612
3894 -359.30132
3896 -375.359188
3897 -375.30706
3898 -391.337881
3901 -339.474134
3902 -355.520098
3903 -355.517745
3904 -355.497046
3905 -371.546126
3906 -359.315205
3907 -375.359407
3909 -375.344926
3910 -391.391111
3911 -339.469166
3912 -359.31042
3913 -375.348487
3914 -339.467091
3915 -355.496901
3916 -359.312853
3917 -375.351387
3918 -375.370023
3919 -339.462492
3920 -355.50199
3921 -359.306313
3922 -375.368783
3923 -375.328197
3924 -391.370332
3925 -339.467484
3926 -355.497878
3927 -355.525451
3928 -355.518342
3929 -371.535911
3930 -355.508682
3931 -371.541704
3932 -387.558484
3934 -355.508183
3935 -355.513035
3936 -371.504707
3937 -392.662003
3938 -355.510313
3939 -371.537915
3940 -392.650949
3941 -372.765028
3942 -392.676111
3943 -412.548009
3944 -392.627857
3945 -412.494644
3946 -432.401755
3964 -378.713196
3965 -398.579695
3966 -394.740014
3967 -414.586179
3968 -430.598508
4018 -410.814514
4085 -394.754336
4089 -414.656994
4208 -331.411639
4209 -347.459586
4210 -347.456674
4211 -363.508158
4212 -363.504227
4213 -347.466594
4214 -363.519194
4215 -363.508158
4216 -363.517297
4217 -379.572458
4218 -379.522177
4219 -379.52703
4220 -395.515911
4221 -379.527167
4222 -395.551843
4239 -394.819189
4240 -410.881568
4241 -414.720389
4242 -430.77997
4243 -394.857481
4244 -410.919789
4245 -414.723125
4246 -430.787166
4247 -394.851816
4248 -414.724166
4249 -410.91001
4250 -430.781834
4251 -414.726994
4252 -430.782444
4253 -434.591172
4254 -450.648187
4257 -434.626169
4258 -414.76216
4271 -394.812844
4273 -398.649944
4275 -414.7103
4276 -394.821934
4277 -391.01982
4278 -410.878529
4280 -414.718535
4282 -430.777401
4283 -398.628385
4285 -414.689462
4286 -398.661199
4287 -418.526902
4288 -414.718012
4289 -434.586118
4290 -394.832837
4291 -414.695285
4292 -410.886702
4293 -430.750178
4294 -414.731098
4295 -434.59565
4296 -450.653146
4310 -378.758425
4311 -394.823764
4312 -378.799272
4313 -394.862572
4314 -398.665715
4315 -414.731149
4316 -394.821424
4317 -410.888423
4318 -394.862747
4319 -410.927708
4320 -414.729823
4321 -430.795971
4323 -394.831595
4324 -398.632763
4325 -414.701504
4326 -398.676638
4327 -414.741254
4328 -434.607643
4329 -410.899208
4330 -414.701113
4331 -430.760003
4332 -414.743421
4333 -430.80226
4334 -434.607739
4335 -450.668179
4363 -374.979651
4364 -378.798322
4365 -362.732392
4366 -378.803059
4368 -378.778292
4369 -394.846097
4370 -391.049543
4371 -394.862027
4372 -378.792238
4373 -394.864229
4374 -394.861157
4375 -410.926454
4376 -382.61021
4377 -398.654682
4378 -414.741166
4379 -398.68442
4380 -414.725756
4381 -414.740464
4382 -430.799201
4399 -378.762269
4401 -398.669423
4402 -394.81954
4403 -394.852842
4404 -414.725922
4405 -394.804084
4407 -414.708686
4408 -394.829842
4409 -394.86277
4410 -414.735888
4411 -410.889922
4412 -410.920972
4413 -430.794203
4414 -398.640469
4415 -398.676693
4416 -418.547386
4417 -414.696069
4418 -434.60183
4419 -394.814053
4420 -414.680883
4421 -434.584985
4422 -394.841304
4423 -414.706337
4424 -434.610401
4425 -410.900176
4426 -430.762817
4427 -450.668952
4587 -394.841434
4590 -394.840949
4591 -382.607823
4592 -398.667104
4593 -414.722791
4594 -414.718842
4608 -394.794407
4611 -414.696169
4613 -394.811312
4614 -398.663472
4615 -414.715899
4616 -414.712448
4617 -398.62284
4618 -414.674829
4619 -418.526904
4620 -434.576241
4625 -377.510959
4626 -377.512406
4627 -393.613934
4628 -397.379616
4629 -413.478297
4630 -397.419663
4631 -377.550726
4632 -397.420216
4633 -417.288087
4634 -433.385694
4635 -414.692859
4636 -434.556912
4637 -414.735211
4638 -434.599108
4639 -434.601862
4640 -454.46467
4655 -377.523681
4656 -393.628214
4657 -361.46573
4658 -377.574025
4659 -377.532906
4660 -393.639005
4668 -398.646593
4669 -414.712133
4674 -398.648191
4675 -414.712214
4690 -361.460668
4691 -377.565536
4694 -377.516234
4695 -393.617869
4697 -377.527126
4698 -393.630217
4699 -361.468157
4700 -377.57445
4701 -377.522164
4702 -377.535726
4703 -393.640069
4704 -397.403167
4712 -398.643887
4714 -414.694901
4715 -414.708497
4716 -398.650243
4717 -414.715047
4734 -361.463401
4735 -377.568744
4736 -377.529309
4737 -393.631867
4738 -397.394043
4739 -413.493221
4748 -398.649172
4749 -414.706681
4750 -434.572854
4949 -394.826906
4950 -394.802006
4951 -414.702156
4952 -414.695819
4953 -414.660585
4954 -434.560574
4955 -414.732511
4956 -434.595758
4979 -362.731421
4980 -378.793199
4981 -378.781043
4983 -394.845652
4984 -378.787816
4986 -394.846901
4987 -394.842162
4988 -382.610925
4989 -398.671774
4990 -398.660109
4991 -414.722507
4992 -414.723374
5002 -378.79894
5003 -378.75845
5004 -398.661372
5005 -394.852834
5006 -394.815508
5007 -414.717329
5008 -394.853556
5009 -394.815217
5010 -414.716013
5011 -398.639359
5012 -418.540676
5013 -394.813407
5014 -414.682887
5015 -434.585596
5016 -394.825035
5017 -414.685239
5018 -434.586369
5025 -378.782073
5026 -374.941578
5027 -394.839066
5028 -398.644524
5029 -394.808279
5030 -414.703439
5031 -398.647694
5032 -394.82476
5033 -414.720941
5035 -418.510779
5050 -345.450882
5053 -361.492843
5159 -394.805018
5164 -394.813323
5165 -414.680455
5172 -378.77639
5174 -394.833774
5176 -394.851444
5177 -414.706177
5184 -374.944808
5185 -378.74518
5186 -394.812716
5188 -394.810379
5190 -414.676084
5195 -378.781246
5196 -394.846966
5197 -398.647092
5198 -414.713562
5217 -394.823206
5279 -378.759692
5280 -394.817698
5281 -394.818392
5283 -398.665547
5285 -414.723191
5286 -394.864247
5287 -414.722584
5292 -394.82056
5294 -394.860525
5296 -414.725688
5337 -308.307402
5338 -324.353627
5339 -324.3541
5340 -340.395789
5341 -340.403477
5342 -324.352265
5343 -340.399791
5344 -340.395788
5345 -340.40165
5346 -356.45202
5347 -324.413217
5348 -340.456824
5349 -340.458164
5350 -356.497715
5351 -356.505631
5352 -340.456348
5353 -356.501918
5354 -356.497714
5355 -356.502851
5356 -372.550957
5357 -345.487298
5358 -361.531106
5359 -361.532018
5360 -377.569821
5361 -377.580268
5363 -377.577014
5364 -377.56982
5366 -393.627037
5418 -394.82777
5419 -414.700755
5420 -414.737877
5421 -434.597566
5427 -398.641719
5429 -414.697346
5430 -398.648957
5441 -361.461077
5442 -377.568864
5446 -393.625264
5447 -361.469525
5448 -377.577465
5449 -377.525307
5459 -357.696467
5460 -357.654283
5461 -373.76022
5463 -377.561077
5464 -377.522038
5465 -393.625687
5466 -361.467209
5467 -377.572597
5468 -377.532031
5469 -393.636813
5470 -397.397876
5471 -413.499938
5476 -378.775519
5477 -394.839986
5478 -398.636178
5479 -414.702028
5480 -398.651701
5481 -414.718711
5482 -434.578414
5489 -398.64956
5490 -414.716503
5497 -361.452656
5498 -377.558451
5499 -361.465123
5500 -377.572055
5505 -398.64233
5646 -357.683451
5647 -377.553237
5648 -377.547085
5649 -397.415251
5654 -341.631148
5655 -361.498103
5656 -357.690778
5657 -377.557247
5658 -377.556044
5659 -373.747271
5660 -393.611905
5661 -381.362751
5662 -397.4201
5663 -413.47389
5668 -341.625447
5669 -357.681193
5670 -361.49514
5671 -377.550678
5672 -373.736699
5673 -377.548533
5674 -381.361684
5675 -397.414827
5676 -413.467355
5683 -357.687729
5684 -377.55284
7028 -431.970363
7032 -431.952583
7034 -451.851556
7237 -431.979668
7238 -431.944631
7239 -412.093436
7240 -431.991629
7242 -431.982254
7243 -451.88053
7244 -451.849406
7879 -394.846577
7880 -414.725133
7882 -394.849437
7883 -414.748379
7884 -414.729616
8718 -380.077991
8719 -396.174352
8720 -412.267004
8721 -417.245743
8722 -433.340297
8723 -454.41244
8959 -342.916273
8960 -359.010919
8961 -359.013946
8962 -375.105034
8978 -396.180018
9986 -373.693699
10016 -373.693699
11141 -377.565539
11201 -398.643887
14562 -305.7702
14563 -321.866369
14564 -337.959005
14582 -342.932283
14583 -359.02647
20306 -356.412569
20307 -356.413133
20308 -372.405388
20309 -356.410498
20310 -372.434386
21322 -372.512005
21323 -372.511464
21324 -388.501028
21325 -372.510103
21326 -388.530284
21350 -373.726304
21351 -389.736939
21352 -409.59584
21353 -373.724017
21354 -373.696899
21355 -393.557623
21356 -409.593405
21357 -357.670079
21358 -377.520764
21359 -373.706664
21360 -393.56253
21361 -357.665928
21362 -373.698851
21363 -377.520646
21364 -393.601837
21365 -373.719115
21366 -373.732806
21367 -389.744309
21368 -373.727769
21369 -389.760779
21370 -409.614632
21371 -373.720124
21372 -389.752611
21373 -393.573283
21374 -389.764117
21375 -393.570228
21376 -409.594958
21377 -373.726007
21378 -389.755798
21379 -389.768221
21380 -405.777661
21381 -409.628674
21382 -377.535303
21383 -373.705404
21384 -393.553724
21385 -393.592389
21386 -409.59246
21387 -373.703881
21388 -389.734638
21389 -377.533665
21390 -373.725805
21391 -389.754143
21392 -389.769144
21393 -405.777157
21394 -405.764528
21395 -389.740844
21396 -405.766982
21397 -405.781165
21399 -410.823556
21400 -426.85905
21401 -393.535287
21402 -409.631512
21403 -430.722352
21404 -446.755759
21405 -410.883197
21406 -426.909328
21407 -430.728052
21408 -446.762348
21409 -430.706296
21410 -410.864528
21411 -390.958302
21412 -410.863811
21413 -410.821531
21414 -430.719672
21415 -389.777793
21416 -410.874458
21417 -430.743841
21418 -410.867058
21419 -410.863551
21420 -407.001711
21421 -426.898652
21422 -446.767404
21423 -426.878733
21424 -406.966498
21425 -426.86978
21426 -430.750224
21427 -446.771668
21428 -450.594118
21429 -466.623743
21430 -430.738041
21431 -430.679574
21432 -450.577594
21433 -413.403604
21434 -429.496954
21435 -450.576123
21438 -430.724394
21439 -430.71249
21440 -450.57796
21442 -446.739118
21443 -446.722948
21444 -446.672749
21445 -466.569063
21446 -394.768122
21447 -410.810537
21448 -374.916726
21449 -390.963176
21450 -394.768942
21451 -410.815982
21452 -390.99644
21453 -410.838563
21454 -374.92573
21455 -390.983282
21456 -390.966483
21457 -406.997871
21458 -394.776004
21459 -410.835501
21460 -410.799378
21461 -426.837224
21464 -430.719375
21466 -410.826177
21469 -430.705077
21473 -426.870571
21476 -430.662493
21478 -394.78303
21479 -390.960036
21480 -410.823334
21481 -390.972628
21483 -410.82277
21484 -390.989717
21487 -390.974725
21488 -407.009417
21489 -394.782318
21490 -410.840554
21491 -410.804788
21492 -426.847783
21493 -423.029459
21495 -414.687288
21496 -430.726572
21499 -430.729561
21501 -394.840773
21502 -410.880319
21503 -414.687636
21504 -430.744395
21505 -430.710071
21506 -446.74653
21507 -394.845381
21508 -410.877814
21509 -410.904105
21511 -426.91621
21512 -410.878246
21513 -426.913885
21514 -442.931781
21517 -377.489699
21518 -393.595609
21520 -414.669025
21534 -393.555771
21535 -409.658159
21537 -373.732636
21538 -394.809795
21539 -373.670059
21540 -389.772759
21541 -410.850968
21545 -393.57846
21546 -414.65234
21547 -393.52231
21548 -409.622095
21549 -430.697066
21553 -394.760076
21556 -374.915812
21557 -390.947071
21558 -394.764553
21559 -410.801075
21562 -377.483524
21563 -393.58625
21565 -414.658122
21568 -394.824816
21569 -410.855464
21570 -414.668603
21571 -430.704396
21573 -414.656944
21576 -394.813393
21578 -374.925213
21579 -394.83135
21580 -394.7745
21581 -414.67437
21585 -394.813393
21586 -410.872163
21588 -390.949452
21589 -410.853965
21590 -410.810034
21591 -430.708983
21596 -374.91132
21597 -394.809674
21598 -390.939269
21599 -410.834612
21600 -377.472992
21601 -393.574864
21604 -394.753796
21605 -414.649058
21606 -410.78883
21607 -430.682444
21609 -410.832644
21612 -407.016376
21613 -410.824178
21614 -426.86187
21617 -393.552184
21618 -409.652611
21619 -430.726767
21621 -410.885945
21622 -426.918252
21623 -430.729567
21624 -446.766165
21625 -430.727417
21628 -410.872163
21630 -390.985319
21631 -410.889392
21632 -410.834295
21633 -430.732031
21635 -410.880435
21637 -426.895075
21644 -390.967383
21646 -373.697737
21647 -389.798319
21649 -410.871598
21652 -410.879179
21658 -357.635801
21659 -373.742768
21662 -374.922028
21663 -394.820475
21664 -390.982635
21665 -373.674525
21666 -389.7785
21669 -390.952586
21670 -406.98143
21674 -410.816204
21676 -393.548849
21677 -409.64568
21679 -430.71364
21682 -430.72395
21686 -377.48585
21687 -393.589854
21690 -394.766931
21691 -414.66239
21692 -410.829783
21693 -430.722349
21694 -393.506275
21695 -409.605905
21698 -410.776246
21699 -430.667775
21700 -426.810511
21701 -446.699043
21703 -390.917001
21705 -390.96691
21706 -390.950251
21707 -410.851224
21710 -407.013706
21733 -413.438627
21734 -429.43786
21735 -413.43566
21736 -413.415821
21737 -429.431758
21738 -397.383542
21739 -413.424158
21740 -397.384789
21741 -413.47313
21742 -393.582233
21743 -393.595215
21744 -409.604015
21745 -413.438529
21746 -429.475671
21747 -413.436491
21748 -429.532719
21749 -429.457388
21750 -393.590403
21751 -409.618069
21752 -409.629847
21753 -425.636502
21754 -445.451882
21755 -413.399299
21756 -429.436286
21757 -413.405534
21758 -429.492222
21759 -393.574352
21760 -409.600485
21761 -409.615051
21762 -425.619995
21763 -445.469261
21764 -445.56185
21765 -409.591574
21766 -425.615378
21767 -425.630153
21768 -441.632177
21771 -413.441652
21772 -450.610187
21773 -393.58885
21775 -430.783131
21776 -446.771472
21778 -433.310222
21779 -449.40235
21782 -393.584376
21784 -409.574782
21785 -393.585755
21786 -409.607381
21787 -430.762552
21788 -450.612079
21789 -470.481913
21815 -430.775379
21816 -450.628008
21817 -430.773927
21818 -450.643337
21819 -446.785626
21820 -466.641065
21821 -394.819343
21822 -414.668956
21823 -430.710275
21824 -394.819428
21825 -410.864265
21826 -414.669791
21827 -430.715723
21828 -430.737852
21829 -394.828199
21830 -410.867802
21831 -426.899276
21832 -414.677178
21833 -430.735863
21834 -430.699228
21835 -446.736321
21838 -450.618192
21850 -377.511131
21851 -377.504606
21852 -393.546675
21855 -394.788323
21858 -394.790343
21860 -394.788955
21861 -414.65203
21862 -434.54994
21863 -430.721562
21864 -414.675937
21865 -430.669302
21866 -394.776419
21867 -410.860459
21868 -430.705592
21871 -426.888694
21872 -446.731116
21873 -409.676885
21874 -450.597637
21876 -446.789041
21877 -430.756066
21878 -410.852385
21879 -430.700425
21880 -450.598444
21881 -414.696449
21882 -430.75513
21883 -430.733716
21884 -446.769004
21887 -414.695732
21888 -377.513251
21889 -393.615585
21890 -394.796642
21891 -410.844351
21892 -414.703352
21893 -430.747841
21894 -414.694059
21895 -377.512688
21896 -393.618946
21897 -414.69377
21898 -394.794414
21899 -393.549805
21900 -409.652808
21901 -430.726315
21902 -397.361725
21903 -413.460692
21904 -414.645534
21905 -430.691831
21906 -413.423301
21907 -429.518512
21908 -434.545669
21909 -450.588878
21910 -434.536296
21911 -450.597429
21912 -397.361082
21913 -413.464232
21914 -434.539298
21915 -434.530794
21968 -414.619764
21969 -434.476794
21970 -450.531303
21971 -450.526336
21972 -414.617625
21973 -430.671616
21974 -434.478256
21975 -450.533527
21976 -450.492756
21977 -466.527948
21978 -430.654601
21979 -450.497687
21980 -466.533735
21981 -466.545965
21982 -430.6521
21983 -446.705594
21984 -446.688362
21985 -450.493176
21986 -466.548854
21987 -466.511716
21988 -482.546002
21992 -453.929909
21993 -453.939232
21994 -473.807948
21998 -434.058244
21999 -453.923983
22000 -453.926963
22001 -400.735151
22022 -469.938455
22023 -450.08668
22024 -469.930835
22025 -450.099015
22026 -466.128985
22027 -469.944952
22028 -485.955012
22031 -469.954863
22032 -477.959348
22033 -497.827754
22034 -477.952456
22035 -497.816951
22036 -493.984916
22037 -493.983211
22248 -487.278337
22461 -398.210974
22464 -435.374715
23619 -422.648062
23620 -418.83807
23621 -438.708103
23622 -422.679993
23623 -442.545613
23624 -458.603589
23625 -418.847108
23626 -438.713803
23627 -434.899072
23628 -454.767921
23629 -458.608473
23630 -474.664497
23631 -418.849168
23632 -422.655017
23633 -438.717814
23634 -422.696977
23635 -438.757706
23636 -442.560089
23637 -458.622291
23638 -418.855207
23639 -434.915822
23640 -438.714111
23641 -454.775252
23642 -438.757157
23643 -454.816162
23644 -458.619586
23645 -474.680042
23656 -402.81654
23657 -386.757035
23658 -402.821967
23659 -402.802117
23660 -418.864251
23661 -418.880429
23662 -402.814884
23663 -418.881269
23664 -418.87764
23665 -434.942747
23666 -406.634605
23667 -430.657847
23668 -422.678225
23669 -446.700606
23670 -422.692506
23671 -422.696556
23672 -446.713423
23673 -438.75686
23674 -462.771586
23675 -422.703019
23676 -446.720144
23677 -438.743488
23678 -462.759686
23679 -438.759329
23680 -438.75726
23681 -462.773897
23682 -454.815631
23683 -478.83006
23684 -422.658546
23685 -422.69612
23686 -442.563622
23687 -418.845745
23688 -438.709267
23689 -458.615665
23690 -418.832387
23691 -438.698536
23692 -438.73507
23693 -458.600639
23694 -418.850888
23695 -438.720434
23696 -438.758027
23697 -458.623936
23698 -434.912058
23699 -454.773734
23708 -386.754361
23709 -402.809186
23710 -418.860531
23711 -418.861774
23712 -402.809032
23713 -418.864381
23714 -406.632582
23715 -430.656668
23716 -422.6859
23717 -422.691216
23718 -446.709135
23719 -438.740947
23720 -462.757974
23721 -438.737735
23722 -438.741151
23723 -462.759068
23725 -418.832567
23726 -422.687683
23727 -438.734676
23728 -438.734862
23729 -422.64568
23731 -438.692145
23732 -442.549352
23733 -458.594439
23734 -458.595735
23743 -386.755728
23744 -402.811618
23745 -402.805093
23746 -402.803351
23747 -418.862046
23748 -402.811286
23749 -418.864429
23750 -418.863985
23751 -406.633595
23752 -430.651947
23753 -422.688923
23754 -422.689163
23755 -446.706029
23756 -422.681099
23757 -422.679561
23758 -446.697571
23759 -438.739759
23760 -462.754284
23761 -438.740544
23762 -462.756414
23763 -402.78862
23764 -422.690097
23765 -422.64868
23766 -442.55187
23767 -418.843035
23768 -438.7429
23769 -438.704439
23770 -458.606402
23772 -438.741301
23773 -438.701415
23774 -458.601676
23775 -402.776537
23776 -422.672687
23777 -418.83137
23778 -422.640315
23779 -442.533754
23780 -438.697132
23781 -458.59138
23784 -418.829038
23785 -434.880064
23786 -418.829038
23787 -434.891029
23788 -434.891029
23789 -434.880066
23790 -418.806954
23791 -438.65428
23792 -434.831863
23794 -418.812339
23795 -434.840291
23796 -438.658635
23797 -454.691967
23798 -458.550204
23800 -438.719817
23801 -454.746596
23802 -458.560134
23803 -474.591955
23804 -418.810377
23805 -438.716554
23806 -438.657238
23807 -458.556856
23808 -438.694859
23809 -462.710604
23810 -434.832526
23811 -454.737069
23812 -454.686929
23813 -474.584811
23814 -418.800718
23815 -434.825781
23816 -438.642949
23817 -458.537149
23818 -454.677321
23820 -434.87396
23821 -454.72184
23823 -434.875071
23824 -450.902794
23825 -454.713443
23826 -470.744654
23827 -474.61317
23829 -454.776823
23830 -470.802514
23831 -474.61587
23832 -490.645791
23834 -454.770829
23835 -454.713207
23836 -474.610059
23837 -438.712026
23838 -462.727007
23839 -418.814493
23841 -434.862316
23842 -438.720766
23843 -454.765739
23844 -454.764147
23845 -418.812364
23848 -454.701034
23849 -458.559961
23851 -474.601802
23852 -438.653996
23853 -458.545467
23854 -454.712138
23855 -474.603125
23856 -454.663499
23857 -474.550503
23858 -470.693355
23859 -490.580575
23928 -362.403449
23929 -382.267912
23930 -378.460638
23931 -398.326576
23932 -378.457809
23933 -398.323045
23934 -378.50394
23935 -398.366814
23936 -394.559721
23937 -414.423927
23938 -394.55641
23939 -414.419778
23940 -362.401915
23941 -378.45806
23942 -382.266257
23943 -398.324124
23944 -378.503696
23945 -394.558643
23946 -398.366148
23947 -414.422718
23948 -362.392463
23949 -378.499062
23950 -382.256279
23951 -398.360514
23952 -378.448562
23953 -394.552985
23954 -398.314247
23955 -414.416181
23956 -378.496395
23957 -394.550915
23958 -398.357576
23959 -414.413751
23960 -394.599725
23961 -414.458193
23962 -410.651788
23963 -430.511787
23968 -362.392513
23969 -378.49942
23970 -382.255848
23971 -398.360359
23972 -378.496683
23973 -394.547656
23974 -398.357365
23975 -414.409029
23976 -378.446192
23977 -394.551123
23978 -398.310765
23979 -414.413207
23980 -394.601518
23981 -414.459614
23982 -430.508904
23987 -362.394305
23988 -378.498302
23989 -382.257674
23990 -398.359196
23991 -378.448891
23992 -394.5502
23993 -398.313286
23994 -414.411594
23995 -394.551374
23996 -414.413102
23997 -394.599843
23998 -414.457973
23999 -430.50842
24006 -362.390485
24007 -378.497205
24008 -382.254135
24009 -398.358351
24010 -394.601004
24011 -414.459534
24172 -363.695659
24173 -379.757144
24174 -379.744655
24175 -395.804017
24176 -379.743018
24177 -395.801744
24178 -379.747717
24179 -395.807801
24180 -395.799491
24181 -411.85753
24182 -395.796255
24183 -395.797619
24184 -411.850355
24320 -363.699057
24321 -379.748128
24322 -379.746988
24323 -395.798794
24324 -395.793087
24325 -383.560624
24326 -399.607997
24327 -399.606524
24328 -415.656533
24329 -415.650976
24464 -363.682756
24465 -379.743931
24466 -379.732276
24467 -379.74297
24468 -395.806678
24469 -379.733306
24470 -395.793008
24471 -395.780444
24472 -395.792691
24473 -411.854858
24474 -383.54287
24475 -399.601415
24476 -399.590801
24477 -399.600442
24478 -415.661606
24479 -399.596002
24480 -415.652876
24481 -415.64179
24482 -415.652677
24483 -431.712072
24492 -363.713896
24493 -379.762053
24494 -379.761349
24495 -395.812348
24496 -379.768592
24497 -395.812867
24498 -395.819498
24499 -379.773814
24500 -395.821361
24501 -395.820391
24502 -395.819976
24503 -411.87038
24504 -395.827045
24505 -411.870658
24506 -411.875924
24507 -383.583333
24508 -399.630344
24509 -399.630034
24510 -399.628847
24511 -415.67856
24512 -399.635732
24513 -415.678905
24514 -415.684991
24515 -399.644019
24516 -415.690475
24517 -415.688884
24518 -415.688132
24519 -431.737257
24520 -415.695058
24521 -431.737427
24522 -431.742231
24523 -363.68117
24524 -379.748043
24525 -379.729353
24526 -379.742793
24527 -395.810987
24528 -379.723535
24529 -395.788692
24530 -395.768386
24531 -395.784418
24532 -411.85083
24533 -379.734238
24534 -395.799067
24535 -395.781214
24536 -395.79368
24537 -411.859812
24538 -383.538305
24539 -399.601524
24540 -399.584584
24541 -399.598341
24542 -415.663051
24543 -399.57898
24544 -415.640248
24545 -415.621795
24546 -415.63812
24547 -431.70075
24548 -399.593172
24549 -415.654731
24550 -415.63823
24551 -415.651045
24552 -431.71401
24736 -399.573651
24737 -419.432419
24738 -415.629182
24739 -435.489239
24740 -415.627343
24741 -435.486068
24742 -415.675486
24743 -435.533155
24744 -431.729173
24745 -451.588145
24746 -431.727044
24747 -451.584697
24748 -399.567778
24749 -415.624136
24750 -419.431117
24751 -435.48842
24752 -415.671437
24753 -431.726111
24754 -435.532315
24755 -451.588119
24756 -399.567827
24757 -415.623318
24758 -415.666421
24759 -431.719798
24760 -399.599755
24761 -419.461817
24762 -415.649954
24763 -435.51317
24764 -399.600579
24765 -415.65399
24766 -419.45871
24767 -435.513264
24768 -399.623699
24769 -415.677459
24770 -415.675326
24771 -399.608662
24772 -415.656234
24773 -415.662713
24788 -395.733652
24789 -411.833945
24790 -415.600357
24791 -431.698997
24792 -395.730503
24793 -411.830132
24794 -399.539706
24795 -415.639969
24796 -415.596934
24797 -431.694539
24798 -411.782551
24799 -431.651523
24800 -447.747266
24801 -415.629901
24802 -435.494453
24803 -451.591384
24804 -399.574324
24805 -415.67495
24806 -415.627272
24807 -419.436237
24808 -435.535053
24809 -435.491447
24810 -451.587842
24811 -451.547556
24812 -467.641679
24813 -395.780866
24814 -399.538384
24815 -415.642905
24816 -395.732216
24817 -411.837184
24818 -415.598696
24819 -431.701631
24820 -399.574695
24821 -415.680189
24822 -419.436308
24823 -435.539541
24824 -415.629875
24825 -435.494008
24826 -451.595547
24827 -416.835608
24831 -436.698078
24845 -413.003822
24848 -416.860954
24850 -432.904282
24851 -432.903159
24856 -436.728959
24864 -436.76316
24865 -452.802788
24867 -466.273887
24868 -486.143254
24869 -486.181888
24870 -506.08897
24871 -411.835933
24872 -395.728388
24873 -411.828113
24874 -395.739238
24875 -411.838099
24876 -411.794851
24877 -427.891095
24878 -399.5495
24879 -415.649799
24880 -415.597762
24881 -431.694922
24882 -415.591666
24883 -431.690516
24884 -415.603943
24885 -431.701565
24886 -431.656013
24887 -447.750504
24888 -399.590545
24889 -415.639454
24890 -415.631432
24891 -415.642772
24892 -431.695311
24893 -419.453033
24894 -435.552018
24895 -435.501621
24896 -451.597632
24897 -435.492426
24899 -435.50686
24900 -451.603226
24901 -451.558796
24902 -467.652176
24919 -432.893389
24920 -448.947587
24922 -432.892267
24923 -452.75638
24924 -448.947778
24925 -468.810965
24926 -452.757133
24927 -468.810432
24929 -452.760628
24930 -472.622604
24931 -468.814003
24932 -488.674387
24952 -432.931947
24953 -452.797605
24954 -448.988
24955 -468.852783
24956 -452.803604
24957 -468.857352
24959 -452.800808
24960 -472.664746
24961 -468.855472
24962 -488.718304
24963 -472.666554
24964 -488.719507
24966 -472.669932
24967 -492.530952
24968 -488.72215
24969 -508.582107
25041 -395.728418
25042 -411.833415
25043 -399.549722
25044 -415.654017
25045 -415.597484
25046 -431.700161
25047 -415.590216
25048 -431.693302
25049 -399.591459
25050 -415.696533
25051 -415.640804
25052 -415.630433
25053 -419.453193
25054 -435.556536
25055 -435.501888
25056 -451.603499
25057 -435.490798
25058 -451.59267
25090 -432.916392
25091 -452.782012
25101 -429.066778
25106 -432.869389
25107 -436.714806
25110 -432.884683
25128 -395.736411
25129 -411.839341
25130 -411.79445
25131 -427.894814
25132 -399.549529
25133 -415.651873
25134 -415.595536
25135 -431.695054
25136 -415.606069
25137 -431.707055
25138 -431.654926
25139 -447.752849
25140 -399.58997
25141 -415.692885
25142 -415.637932
25143 -415.643542
25144 -431.745095
25145 -431.694437
25146 -447.793497
25147 -419.453073
25148 -435.553802
25149 -435.500617
25150 -451.59859
25151 -435.508698
25152 -451.607868
25153 -451.558914
25154 -467.655025
25164 -411.831124
25165 -395.736667
25166 -411.841117
25167 -399.547947
25168 -415.652093
25169 -415.58824
25170 -431.689218
25171 -415.605376
25172 -431.707949
25173 -399.590536
25174 -415.695366
25175 -415.62972
25176 -415.644929
25177 -431.748153
25178 -419.452554
25179 -435.555494
25182 -435.508771
25184 -416.849252
25185 -436.71896
25194 -416.837424
25197 -432.891376
25199 -432.89172
25202 -416.819065
25208 -432.875739
25214 -452.781703
25215 -452.79588
25284 -399.57108
25285 -419.434742
25286 -415.627057
25287 -435.49219
25288 -415.623342
25289 -435.487524
25290 -399.569696
25291 -415.62549
25292 -419.432622
25293 -435.490173
25295 -456.602431
25298 -452.799239
25299 -472.657229
25301 -452.795899
25302 -456.608265
25303 -472.658863
25305 -452.797474
25306 -436.754499
25307 -456.610162
25308 -452.805447
25309 -472.663561
25310 -399.577985
25311 -415.682565
25312 -419.43516
25313 -435.537127
25314 -415.632241
25315 -431.734362
25316 -435.491667
25317 -451.591045
25318 -399.573159
25319 -415.675211
25320 -415.625882
25321 -431.726168
25322 -419.435483
25323 -435.534643
25324 -435.490231
25325 -451.587395
25328 -432.918125
25329 -452.777925
25330 -432.902323
25333 -436.758594
25334 -456.613289
25335 -472.670311
25336 -472.664154
25337 -488.719003
25339 -448.9692
25340 -436.728833
25341 -452.765966
25343 -468.828022
25344 -436.768754
25345 -452.822572
25346 -456.630495
25347 -472.686216
25352 -399.577595
25353 -415.683299
25354 -419.434539
25355 -435.537699
25356 -415.621335
25357 -431.724684
25358 -435.489302
25359 -451.590349
25360 -436.757465
25361 -456.611729
25362 -452.79705
25363 -472.664437
25366 -399.573717
25367 -415.675917
25368 -419.436021
25369 -435.535399
25370 -415.626133
25371 -435.490254
25372 -451.586383
25373 -415.62417
25374 -435.48903
25375 -451.586993
25376 -436.751288
25377 -456.611775
25378 -472.66437
25382 -432.910612
25384 -448.965549
25385 -436.727389
25386 -452.771843
25387 -452.768721
25389 -468.828491
25390 -436.772972
25391 -456.62888
25392 -452.81868
25393 -472.674512
25394 -452.813076
25396 -452.814725
25397 -472.680487
25398 -468.875432
25399 -488.730393
25400 -432.897165
25403 -452.762764
25405 -436.766157
25406 -456.628123
25407 -452.819854
25408 -472.683564
25409 -452.804755
25410 -472.664475
25411 -432.908721
25412 -436.732236
25413 -452.778026
25414 -452.773121
25415 -436.774451
25416 -452.809208
25417 -452.821603
25418 -456.63506
25419 -472.668431
25420 -472.681702
25421 -399.573024
25422 -415.676262
25423 -415.623514
25424 -431.723627
25425 -419.433734
25426 -435.534286
25427 -435.486722
25428 -451.583619
25429 -399.571358
25430 -415.676792
25431 -419.432359
25432 -435.53532
25433 -436.7485
25434 -456.607245
25438 -436.757699
25439 -456.609846
25440 -472.667035
25441 -432.920704
25442 -448.970413
25443 -436.762391
25444 -452.814323
25445 -468.866057
25446 -399.575378
25447 -415.680565
25448 -415.628129
25449 -431.731324
25450 -436.754583
25451 -452.804293
25452 -399.576436
25453 -415.67924
25454 -415.628908
25455 -431.728596
25456 -415.630374
25457 -431.731366
25458 -436.751331
25459 -452.799169
25460 -452.803717
25461 -416.870102
25462 -432.922962
25463 -432.912497
25465 -448.97909
25466 -436.774466
25467 -452.810865
25468 -452.813964
25469 -452.825829
25470 -468.878296
25478 -413.039335
25487 -432.91215
25489 -416.870515
25490 -432.921176
25491 -432.91215
25492 -432.921936
25493 -448.975523
25504 -400.845051
25506 -416.892226
25507 -432.933909
25508 -432.940199
25509 -416.890363
25510 -432.94809
25511 -432.933909
25512 -432.942331
25513 -449.002805
25523 -468.874415
25525 -470.046504
25531 -470.015496
25543 -470.085025
25545 -489.955545
25731 -450.173242
25734 -470.053396
25736 -454.01444
25738 -470.079226
25741 -489.957017
25762 -454.01748
25763 -470.0824
25764 -454.032721
25785 -470.043947
25791 -470.088748
25792 -489.942953
25819 -470.048129
25825 -470.077586
25828 -470.070131
25841 -413.05421
25842 -429.099329
25846 -432.951692
25848 -416.91019
25849 -432.951697
25850 -432.951692
25851 -432.958657
25852 -449.003079
25863 -470.065923
25865 -489.974289
25866 -489.932771
25868 -509.840608
25890 -470.088782
25892 -470.07877
25905 -454.022035
25942 -470.069588
25943 -450.200263
25945 -470.073249
25946 -489.979038
25985 -450.213177
25987 -454.020582
25989 -470.078443
26561 -473.876082
26563 -489.934795
26567 -453.971474
26570 -489.929221
26571 -453.991477
26572 -473.890771
26573 -493.738273
26610 -450.179028
26611 -453.985828
26612 -470.047873
26613 -473.890119
26614 -489.952097
26616 -454.020336
26617 -453.978712
26618 -473.883478
26619 -470.08581
26620 -470.046145
26621 -489.950456
26622 -473.856018
26623 -489.922149
26624 -509.825143
26648 -436.681391
26649 -452.788565
26744 -489.926105
26815 -452.745069
26816 -468.848678
26845 -489.924668
26905 -470.027317
26907 -489.933377
26917 -473.852313
26918 -473.881499
26919 -493.759471
26920 -470.033593
26921 -470.038526
26922 -489.899749
26935 -473.874218
27023 -452.769255
27026 -452.730575
27027 -468.833177
27029 -472.638757
27030 -488.740365
27031 -452.772239
27032 -472.643068
27033 -492.511222
27034 -508.611044
27042 -489.95475
27044 -489.909692
27046 -509.818485
27047 -509.829171
27048 -529.691225
27137 -454.000956
27138 -470.067915
27323 -453.980211
27327 -473.863624
27328 -454.008991
27329 -450.180409
27330 -470.079093
27331 -453.976855
27332 -473.87517
27333 -470.04289
27334 -489.943508
27341 -473.874851
27342 -493.740775
27343 -470.063883
27377 -453.979277
27380 -470.051933
27384 -473.878416
27388 -489.950545
27389 -450.177314
27390 -466.240889
27391 -466.263412
27392 -486.118979
27395 -486.141444
27396 -506.019349
27398 -473.856104
27399 -470.060082
27400 -473.888432
27401 -493.754751
27402 -486.128154
27403 -505.991552
27404 -525.894664
27433 -400.798771
27434 -416.841331
27457 -420.677445
27458 -436.728814
27459 -436.716107
27495 -470.078358
27497 -489.948197
27499 -470.077198
27501 -489.984603
27503 -489.946323
27504 -466.256618
27505 -466.280168
27506 -486.154156
27507 -486.144727
27508 -506.017524
27509 -466.274339
27510 -486.148127
27511 -486.146311
27512 -506.016184
27513 -489.954906
27514 -509.823717
27515 -470.083449
27516 -489.953095
27517 -509.860101
27518 -506.025518
27519 -525.886733
27520 -486.155824
27521 -506.022715
27522 -525.888126
27581 -363.652226
27582 -379.758979
27583 -379.70839
27584 -395.81302
27585 -379.699011
27586 -395.804149
27587 -395.80706
27588 -395.761632
27589 -411.86502
27590 -379.707242
27591 -395.812654
27592 -395.764583
27593 -411.8678
27594 -395.75134
27595 -411.854942
27596 -395.759849
27597 -411.863912
27598 -411.821118
27599 -427.922255
27600 -383.530312
27601 -399.636129
27602 -399.590205
27603 -415.693583
27604 -399.57562
27605 -415.679743
27606 -399.578036
27607 -415.682246
27608 -415.64136
27609 -431.743024
27610 -399.589396
27611 -415.693467
27612 -415.641266
27613 -431.742584
27614 -415.631769
27615 -431.733851
27616 -415.639896
27617 -431.74211
27618 -431.695035
27619 -447.794328
27669 -436.686786
27670 -452.795056
27671 -452.753533
27707 -432.884068
27708 -448.990828
27709 -452.75122
27718 -448.983315
27721 -452.753426
27722 -468.858075
27723 -436.688041
27724 -452.794294
27725 -452.761046
27726 -468.866724
27727 -472.628692
27744 -453.998115
27745 -470.071728
27749 -470.061252
27751 -489.937906
27752 -473.873688
27753 -489.951933
27832 -450.192282
27833 -453.991392
27834 -470.061603
27835 -454.022927
27836 -473.901203
27837 -489.971141
27840 -454.021917
27841 -450.179811
27843 -470.090246
27845 -453.990054
27848 -470.062766
27849 -470.096564
27850 -489.970369
27851 -450.222696
27852 -470.05814
27853 -486.129744
27854 -489.968898
27855 -506.039208
27857 -470.096614
27858 -466.256617
27859 -466.2893
27860 -486.166465
27861 -450.177281
27862 -470.06621
27863 -466.263412
27864 -486.13437
27865 -486.166153
27866 -506.040938
27867 -470.070576
27868 -470.071201
27869 -486.143708
27870 -506.001352
27871 -525.910186
27904 -450.219619
27907 -437.955904
27908 -454.029462
27910 -450.222696
27911 -454.034137
27912 -470.100565
27913 -470.103398
27914 -466.292091
27915 -486.168793
27916 -457.834875
27917 -473.91062
27918 -489.980467
27919 -506.042677
27937 -489.92635
27943 -473.867654
27954 -400.832271
27955 -416.886375
27956 -416.877124
27957 -416.877607
27958 -432.936109
27959 -416.883994
27960 -432.939234
27961 -432.92693
27962 -432.937431
27963 -448.996833
27964 -420.709916
27965 -436.767901
27966 -436.753244
27973 -468.870199
27983 -489.913604
27985 -509.821133
28000 -470.06667
28002 -473.865983
28003 -489.94566
28008 -453.989756
28009 -473.866783
28067 -434.090414
28069 -453.992739
28075 -450.165133
28077 -470.066554
28079 -470.029802
28084 -453.999615
28088 -450.172602
28089 -470.074764
28090 -470.038332
28138 -432.909306
28139 -452.773248
28140 -448.965013
28141 -468.82822
28143 -416.850293
28144 -436.717415
28145 -432.909744
28146 -452.776371
28148 -432.919425
28149 -448.976077
28190 -436.71346
28191 -452.76925
28192 -416.843583
28193 -432.899583
28195 -452.777447
28196 -432.910028
28197 -448.965694
28279 -432.908173
28281 -452.773141
28303 -432.91364
28304 -452.778679
28385 -453.987986
28386 -473.891499
28388 -453.985096
28389 -473.889907
28395 -489.937097
28396 -470.050653
28397 -489.950435
28401 -470.042082
28403 -450.169012
28404 -470.038918
28405 -489.940986
28406 -473.866269
28407 -493.769629
28408 -470.048723
28409 -489.911729
28410 -509.814604
28411 -489.919514
28508 -437.952049
28510 -454.011981
28511 -454.017032
28516 -437.953284
28517 -454.021809
28529 -470.073027
28531 -454.014926
28534 -454.021275
28535 -470.078318
28536 -470.079511
28537 -450.200141
28538 -454.011911
28539 -470.080497
28540 -454.005099
28542 -470.075871
28543 -457.831946
28544 -473.903409
28545 -473.890877
28546 -489.953469
28547 -473.893345
28548 -489.957371
28561 -473.871972
28562 -489.933553
28621 -400.836268
28622 -416.876404
28623 -432.929929
28624 -432.925462
28625 -416.891301
28626 -432.948615
28627 -432.929929
28628 -452.813806
28629 -436.771383
28630 -452.822369
28631 -452.813806
28646 -363.653576
28647 -379.761534
28648 -379.698302
28649 -395.80471
28650 -395.752267
28651 -411.857444
28652 -395.745726
28653 -411.850386
28654 -379.71023
28655 -395.817055
28656 -395.76786
28657 -411.873714
28658 -395.752267
28659 -411.857444
28660 -383.53102
28661 -399.637855
28662 -399.574377
28663 -415.6319
28664 -431.735325
28665 -415.621155
28666 -399.591513
28667 -415.69681
28668 -415.643454
28669 -431.746997
28670 -415.6319
28671 -431.735325
28759 -470.062127
28829 -400.799298
28830 -416.848463
28838 -416.839178
28839 -432.887014
28850 -420.676633
28851 -436.728192
28857 -436.716218
28859 -436.736713
28915 -454.019621
28916 -470.080473
28919 -470.083019
28927 -473.897259
28928 -489.95634
28973 -363.655309
28974 -379.762421
28975 -379.700478
28976 -395.806096
28977 -395.812764
28978 -379.701425
28979 -395.806282
28980 -395.749868
28981 -411.853017
28982 -379.712178
28983 -395.818234
28984 -395.754496
28985 -411.85872
28986 -395.767216
28987 -411.871681
28988 -383.534806
28989 -399.639536
28990 -399.579532
28991 -415.682652
28992 -399.584333
28993 -415.68748
28994 -399.579205
28995 -415.627095
28996 -399.589997
28997 -415.694851
28998 -415.630878
28999 -431.733511
29000 -415.642528
29001 -431.745658
29010 -400.830358
29012 -416.874831
29014 -416.887501
29016 -432.940591
29017 -420.709251
29019 -436.757006
29020 -436.75292
29021 -436.775147
29023 -452.820433
29044 -400.813578
29045 -416.859524
29046 -416.853977
29047 -416.861144
29050 -416.854851
29051 -413.004833
29052 -432.898499
29053 -413.00328
29054 -432.898332
29055 -416.866875
29056 -413.021289
29058 -413.011587
29059 -432.90549
29060 -413.022437
29061 -432.917798
29064 -420.674334
29065 -416.846577
29066 -436.739459
29068 -436.733346
29069 -416.861139
29070 -436.719954
29072 -436.716036
29073 -416.840842
29074 -436.73262
29077 -452.771243
29111 -470.055497
29112 -470.057643
29113 -489.918718
29114 -509.819449
29115 -470.020881
29117 -509.783306
29118 -509.782632
29119 -529.681658
29151 -454.015211
29152 -453.974753
29153 -473.877726
29156 -450.199121
29158 -450.160388
29160 -470.029462
29162 -470.061511
29164 -489.931164
29165 -470.081423
29166 -470.041736
29167 -489.942352
29168 -453.988843
29169 -470.048735
29170 -473.8554
29171 -489.909476
29180 -470.036627
29181 -489.943427
29210 -453.97411
29211 -454.014578
29212 -473.881615
29217 -470.080461
29219 -453.972706
29221 -470.038308
29225 -489.945079
29226 -450.200177
29227 -470.036584
29228 -470.077403
29229 -489.944398
29230 -470.054091
29231 -473.886481
29232 -489.958627
29233 -473.845638
29234 -489.910561
29251 -450.159802
29253 -489.926125
29254 -470.066177
29255 -489.968981
29256 -489.933791
29257 -489.942691
29258 -470.067598
29259 -489.949603
29260 -470.027276
29261 -509.794969
29262 -489.93369
29263 -509.801467
29331 -436.681825
29352 -416.808986
29353 -432.917188
29356 -436.687048
29357 -452.793911
29431 -450.17576
29432 -453.992387
29433 -470.075283
29435 -470.037141
29439 -453.964685
29440 -470.032233
29441 -489.932981
29466 -432.888327
29467 -452.754935
29472 -416.839712
29473 -436.709475
29474 -432.896772
29475 -452.765963
29503 -416.844242
29504 -432.903734
29546 -452.768706
29565 -473.856862
29566 -453.964075
29567 -473.860315
29568 -493.723542
29618 -434.093517
29619 -453.996593
30527 -453.934267
30528 -470.04016
30529 -453.957598
30530 -470.025774
30534 -450.16516
30535 -470.045309
30542 -413.049239
30544 -413.049239
30545 -429.111485
30547 -450.101956
30549 -470.015495
42381 -395.662548
42384 -415.556772
42388 -435.454215
43422 -432.919637
43423 -452.809653
43424 -452.807677
43425 -472.678737
43426 -472.677028
43427 -472.707137
43428 -411.834187
43429 -415.633848
43430 -431.734062
43431 -415.63272
43432 -431.732838
43433 -435.510995
43434 -451.609115
43435 -435.510308
43436 -451.608106
43438 -435.531323
43503 -415.616183
43504 -431.713547
43507 -435.505144
45606 -415.607046
45607 -431.711321
45610 -435.504554
45714 -452.781598
45716 -472.681467
48146 -452.732672
48147 -452.727449
48150 -472.635335
48230 -452.744615
48231 -468.841991
48232 -472.639595
48233 -488.735374
49118 -452.792897
49120 -472.681802
49124 -432.90397
49125 -452.804929
49127 -472.681331
49130 -472.700962
49205 -452.783292
49207 -472.680683
49316 -432.913303
49317 -452.811857
49318 -413.014992
49319 -432.914818
49320 -452.811836
49322 -472.707893
49747 -452.804882
49748 -432.908807
49749 -452.797078
49751 -472.6921
49879 -509.818496
50787 -415.572194
50788 -431.667812
50791 -415.570471
50792 -431.666184
50793 -435.449825
50794 -451.543763
50795 -435.469396
50796 -451.563782
50797 -452.735515
50802 -452.741386
50807 -452.739434
50808 -472.609845
50809 -488.705545
50810 -472.63764
50811 -489.911616
50813 -470.011412
50814 -489.907892
50815 -509.777783
50816 -509.805309
51246 -434.057513
53717 -398.304997
53718 -414.400682
53772 -415.569541
53773 -431.665634
53774 -435.47095
53775 -451.565265
55520 -467.44612
55521 -487.347769
55598 -487.317451
74243 -448.972918
123274 -378.442212
123275 -398.289301
123276 -414.328848
123277 -378.4424
123278 -394.47485
123279 -398.289339
123280 -414.328469
123281 -414.34819
123282 -378.440048
123283 -394.498186
123284 -394.480294
123285 -410.514906
123286 -398.286415
123287 -414.346822
123288 -414.30921
123289 -430.349414
123290 -378.431452
123291 -394.536198
123292 -398.277849
123293 -414.380092
123294 -394.464189
123295 -414.316754
123296 -430.416369
123297 -394.532569
123298 -414.375706
123299 -430.412576
123302 -378.429579
123303 -394.533651
123304 -398.275037
123305 -414.375656
123306 -378.428884
123307 -394.532549
123308 -398.274594
123309 -414.374581
123310 -414.333089
123311 -430.43122
123314 -394.479119
123315 -414.344585
123316 -394.531079
123317 -394.533839
123318 -394.467602
123319 -410.569192
123320 -414.373356
123321 -430.427929
123322 -414.376942
123323 -414.295432
123324 -430.393183
123495 -395.773752
123496 -411.796889
123497 -411.821562
123498 -427.812573
123499 -411.816553
123500 -427.842905
123501 -411.818906
123502 -427.837715
123503 -427.869132
123504 -443.855219
123505 -379.725562
123506 -395.785364
123507 -395.770554
123508 -411.828258
123509 -395.776163
123510 -411.832932
123511 -395.746301
123512 -411.804759
123513 -411.793547
123514 -427.850103
123515 -395.779035
123516 -411.797278
123517 -411.827776
123518 -411.821631
123519 -427.841843
123520 -379.740998
123521 -395.804908
123522 -395.788789
123523 -411.850579
123524 -395.78545
123525 -411.846634
123526 -395.791369
123527 -411.853633
123528 -411.841692
123529 -427.901859
123530 -395.765837
123531 -411.82839
123532 -411.809728
123533 -427.869998
123534 -411.813666
123535 -427.873143
123536 -411.784472
123537 -427.845423
123538 -427.8305
123539 -443.889254
128859 -394.540463
128860 -414.385587
128861 -430.423679
128862 -394.542656
128863 -410.57373
128864 -414.387557
128865 -430.425526
128866 -430.442218
128867 -394.539946
128868 -410.596573
128869 -410.578662
128870 -426.611455
128871 -414.383717
128872 -430.442569
128873 -430.404824
128874 -446.443252
128875 -410.633893
128876 -430.474069
128877 -446.50805
128880 -410.632873
128881 -430.471407
128882 -410.63426
128883 -430.473538
128884 -446.523166
128887 -446.533049
128888 -426.667277
128889 -446.487256
128962 -395.736155
128963 -379.742868
128964 -395.790949
128965 -411.791918
128966 -395.788196
128967 -411.781822
128968 -395.789525
128969 -411.840413
128970 -395.766043
128971 -411.805425
128972 -411.792777
128973 -395.79058
128974 -411.834549
128975 -427.851108
128976 -411.8384
128977 -395.770519
128978 -395.756403
128979 -395.769079
128980 -411.83192
128981 -411.818434
128982 -411.802584
128983 -411.817427
128984 -427.87866
128985 -395.785418
128986 -411.832069
128987 -411.829261
128988 -427.878407
128989 -427.84313
128990 -427.874396
128991 -379.750964
128992 -395.797045
128993 -395.797958
128994 -395.795748
128995 -411.844557
128996 -395.80321
128997 -411.844897
128998 -411.852644
128999 -411.78819
129000 -411.798701
129001 -427.858979
129002 -395.770519
129003 -395.769079
129004 -411.83192
129005 -411.818434
129006 -411.7967
129007 -427.878668
129008 -395.786807
129009 -411.831676
129010 -411.830191
129011 -411.836869
129012 -427.883929
129013 -411.761946
129014 -427.81814
129015 -427.803342
129016 -427.815995
129017 -443.874475
129018 -395.733551
129019 -411.796001
129020 -411.776975
129021 -411.791248
129022 -427.858979
129023 -411.727865
129024 -431.582042
129025 -447.680963
129026 -468.757921
129028 -432.878838
129030 -452.718118
129032 -432.888945
129033 -432.882072
129035 -432.886723
129036 -448.908481
129037 -448.909509
129040 -395.69935
129041 -411.804968
129042 -432.876234
129044 -432.867335
129047 -415.542383
129048 -431.644001
129049 -452.716851
129051 -452.696087
129056 -448.934689
129059 -448.942834
129060 -448.916513
129061 -464.937633
129064 -395.702435
129065 -411.802449
129067 -411.75814
129070 -432.890709
129071 -395.702435
129072 -411.807185
129073 -432.905951
129074 -432.859358
129076 -411.729079
129077 -428.990226
129079 -415.54581
129080 -431.644112
129082 -431.60482
129083 -447.700548
129086 -452.721879
129088 -415.545582
129089 -431.648386
129094 -431.552555
129095 -447.651128
129096 -468.726049
129127 -464.961718
129130 -411.757513
129132 -431.603618
129133 -447.701791
129134 -468.777188
129141 -411.727444
129143 -427.753914
129148 -431.582378
129151 -468.863742
129153 -447.586044
129154 -463.683626
129168 -448.911041
129169 -445.09501
129171 -448.932748
129172 -448.931897
129173 -468.781302
129174 -464.964597
129175 -484.873302
129176 -468.780724
129186 -395.707532
129187 -411.810477
129188 -411.759084
129189 -427.860498
129190 -432.883687
129192 -411.751462
129193 -427.853149
129194 -486.087407
129196 -395.70855
129197 -411.810416
129198 -412.976423
129199 -429.023692
129200 -411.75817
129201 -427.857058
129202 -432.867282
129204 -432.886837
129205 -448.928173
129206 -395.707567
129207 -411.810203
129210 -432.859846
129214 -411.752012
129215 -427.851527
129216 -448.924818
129219 -411.73103
129220 -427.831432
129221 -429.000213
129224 -427.784343
129225 -443.881608
129229 -448.90588
129230 -464.957511
129231 -411.731796
129232 -427.832616
129235 -448.879019
129241 -468.798187
129242 -488.644598
129243 -504.741869
129257 -415.552846
129258 -431.652864
129259 -431.59642
129260 -447.694242
129261 -452.735389
129262 -468.767822
129263 -468.772326
129267 -431.596494
129268 -447.695178
129269 -505.943316
129281 -415.556088
129282 -431.655896
129283 -432.821833
129285 -431.597745
129286 -447.694051
129287 -452.711339
129290 -452.733911
129291 -468.766015
129292 -415.554476
129293 -431.654793
129303 -431.598641
129304 -447.695411
129305 -468.769898
129308 -431.585971
129309 -447.683876
129313 -447.629568
129314 -463.723622
129320 -431.58598
129321 -447.684078
129331 -429.047965
129334 -429.055881
129335 -445.084159
129337 -466.13463
129338 -486.04465
129339 -505.951603
129341 -448.927777
129342 -448.932348
129343 -464.923079
129344 -448.930508
129345 -464.956466
129349 -505.952279
129371 -466.190624
129373 -466.193449
129374 -470.038212
129376 -470.008845
129377 -429.066391
129378 -429.065845
129383 -466.219405
129385 -429.058776
129386 -445.082853
129392 -466.210363
129393 -466.165311
129394 -486.052033
129395 -505.961874
129399 -466.162225
129402 -466.2411
129403 -486.095021
129405 -486.100072
129406 -466.197723
129407 -482.243987
129409 -502.100592
129412 -446.328308
129416 -482.196008
129417 -466.18615
129419 -466.218415
129426 -470.03445
129428 -486.078801
129430 -470.046356
129431 -486.09557
129435 -489.913116
129436 -448.969199
129437 -448.968078
129438 -464.960909
129440 -470.068909
129442 -489.916815
129443 -466.25548
129447 -464.985693
129448 -486.146246
129450 -450.184863
129451 -466.233109
129452 -486.111779
129453 -505.954305
129454 -505.998929
129455 -525.860885
129456 -470.038013
129457 -486.102956
129458 -470.03135
129459 -486.064466
129487 -486.100619
129488 -450.192838
129489 -470.071691
129490 -466.256987
129491 -486.133716
129492 -466.242156
129494 -486.099863
129497 -486.103085
129498 -450.194141
129499 -466.263029
129500 -486.139816
129502 -486.139859
129503 -486.102182
129504 -506.010745
129505 -482.265758
129506 -502.139908
129507 -466.22667
129509 -502.153698
129510 -502.104423
129511 -522.009512
129528 -470.062623
129531 -470.055839
129578 -446.296056
129579 -446.328309
129581 -462.350448
129589 -452.716034
129591 -468.822086
129601 -470.024946
129602 -470.045273
129603 -489.901948
129692 -432.852534
129693 -448.95669
129694 -470.033931
129704 -466.177184
129709 -489.88237
129710 -489.897095
129715 -470.035376
129716 -450.143577
129717 -470.050877
129718 -469.991512
129721 -470.035376
129723 -466.178105
129724 -486.084296
129725 -486.033182
129726 -505.933166
129734 -469.980807
129735 -489.87814
129736 -486.037965
129753 -452.70283
129754 -489.878681
129784 -448.923767
129786 -468.790559
129790 -468.765923
129792 -484.795795
129801 -468.783734
129811 -484.780163
129813 -450.12087
129815 -450.146227
129817 -469.996637
129827 -470.018894
129829 -489.886807
129831 -470.055473
129833 -489.900991
129843 -450.126059
129845 -470.027951
129847 -450.155924
129848 -470.06221
129849 -470.005272
129850 -489.905257
129864 -432.882796
129865 -452.732651
129866 -468.775998
129868 -468.82305
129875 -470.035917
129889 -448.922474
129896 -445.088722
129897 -464.941273
129898 -448.94482
129900 -411.766716
129901 -427.869619
129944 -448.938324
129946 -464.947393
129949 -489.876071
129962 -466.192394
129963 -466.228264
129973 -486.088121
129974 -486.11588
129983 -466.192906
129985 -486.094088
129987 -486.121639
129988 -486.066788
129989 -505.964512
130005 -448.947879
130006 -468.796155
130007 -484.8752
130008 -468.79047
130009 -484.891552
130013 -468.798427
130018 -464.987543
130020 -468.797131
130023 -484.822034
130024 -448.952305
130026 -411.776757
130027 -427.880066
130049 -486.094233
130051 -506.000863
130054 -486.1111
130056 -486.083419
130080 -448.944659
130081 -429.083996
130082 -448.947439
130084 -464.974906
130085 -445.122864
130086 -464.970692
130099 -464.985007
130100 -445.119864
130101 -464.982659
130103 -480.994829
130104 -461.136159
130105 -480.987965
130123 -450.141339
130126 -466.229205
130134 -466.243622
130135 -470.04972
130138 -486.113917
130139 -466.236846
130140 -486.138849
130157 -446.346314
130159 -466.245221
130160 -432.859407
130163 -470.04176
130164 -466.220886
130166 -466.20813
130180 -448.934783
130194 -445.119113
130196 -461.127811
130197 -450.137448
130198 -470.032142
130234 -466.189026
130236 -486.055256
130237 -469.991518
130240 -486.053908
130241 -466.178933
130242 -486.079788
130243 -505.940767
130253 -486.087227
130255 -505.953724
130258 -505.95775
130259 -486.083713
130260 -505.951284
130274 -448.946642
130277 -466.191251
130279 -486.091086
130280 -486.066531
130281 -505.960399
130283 -486.059766
130296 -468.78663
130307 -464.968515
130309 -480.974518
130323 -486.022228
130356 -466.146313
130357 -469.983461
130358 -486.031
130362 -429.071566
130366 -466.176292
130367 -486.080232
130374 -450.102532
130376 -466.194225
130377 -466.13463
130382 -469.969341
130383 -469.951243
130462 -399.555025
130463 -415.626068
130464 -399.58661
130465 -415.63242
130466 -415.608408
130467 -431.678549
130468 -415.629119
130469 -415.602059
130470 -431.677395
130471 -415.631424
130472 -431.679927
130473 -415.623894
130474 -431.644971
130475 -415.609985
130476 -431.677836
130477 -415.632356
130478 -431.673737
130479 -431.666044
130480 -447.733869
130481 -431.67729
130482 -399.548562
130483 -415.605443
130484 -415.592906
130485 -415.604216
130486 -431.66392
130487 -415.601376
130488 -431.656775
130489 -431.643162
130490 -431.655845
130491 -447.713773
130492 -415.610744
130493 -431.654737
130494 -431.651758
130495 -447.698155
130496 -447.66347
130497 -447.694069
130498 -399.603982
130499 -415.648902
130500 -415.649521
130501 -415.646416
130502 -431.693953
130503 -415.653578
130504 -431.6941
130505 -431.701585
130506 -415.562049
130507 -431.615339
130508 -431.605665
130509 -431.612212
130510 -447.668446
130511 -399.544619
130512 -415.605846
130513 -415.586666
130514 -415.604051
130515 -431.666488
130516 -415.58898
130517 -431.648301
130518 -431.627283
130519 -431.647625
130520 -447.707888
130521 -415.645863
130522 -431.69135
130523 -431.690173
130524 -431.686647
130525 -447.734857
130526 -431.692888
130527 -447.733711
130528 -447.739368
130529 -431.59131
130530 -447.641799
130531 -447.635834
130532 -447.639065
130533 -463.692568
130534 -415.577706
130535 -431.613869
130536 -431.617399
130537 -431.659322
130538 -447.725422
130539 -415.605991
130540 -435.451145
130541 -451.489373
130542 -415.607158
130543 -435.453474
130544 -451.493135
130545 -451.506481
130546 -415.605359
130547 -431.660267
130548 -431.644436
130549 -435.450219
130550 -451.507502
130551 -451.472341
130552 -467.509432
130553 -415.608532
130554 -431.639644
130555 -431.66605
130556 -431.655419
130557 -447.677391
130558 -431.642377
130559 -447.676649
130560 -463.693658
130561 -431.705327
130562 -451.548305
130563 -467.584609
130564 -431.70834
130565 -451.552662
130566 -467.59057
130567 -467.601622
130568 -431.706805
130569 -447.76056
130570 -447.743852
130571 -451.548204
130572 -467.604358
130573 -467.568095
130574 -483.603998
130575 -431.706376
130576 -447.734655
130577 -447.761578
130578 -447.74963
130579 -463.769844
130580 -447.739109
130581 -463.77021
130582 -479.78426
130586 -415.638213
130587 -435.484636
130588 -451.572779
130589 -415.63643
130590 -431.667721
130591 -435.477369
130592 -451.557892
130593 -415.65509
130594 -431.68473
130595 -431.709932
130596 -415.644047
130597 -431.694246
130598 -431.674631
130599 -415.598381
130600 -435.437957
130601 -451.536713
130606 -415.59976
130608 -415.600959
130609 -435.440243
130610 -451.536752
130611 -451.495772
130612 -467.58984
130660 -451.496093
130661 -467.592559
130667 -430.395031
130668 -467.475322
130677 -448.972716
130678 -468.822896
130679 -465.006119
130680 -484.907079
130681 -468.839959
130682 -488.688341
130683 -484.871475
130684 -504.77817
130685 -488.689115
130686 -504.777884
130699 -415.613706
130700 -431.659899
130706 -431.65511
130714 -415.614847
130715 -431.659548
130716 -452.769326
130718 -415.6154
130719 -452.764115
130724 -431.657842
130726 -431.635958
130727 -447.734831
130728 -447.683838
130729 -463.779651
130733 -431.63797
130734 -468.781162
130739 -488.706636
130740 -508.551832
130741 -524.64723
130754 -435.452885
130755 -451.55198
130756 -451.497655
130757 -467.594397
130772 -435.455978
130773 -451.553937
130774 -451.499411
130775 -467.593856
130788 -451.484108
130789 -467.580085
130790 -467.52974
130791 -483.621805
130802 -415.60785
130803 -435.453836
130804 -451.492232
130805 -415.609233
130806 -431.641345
130807 -435.454833
130808 -451.494202
130809 -451.510531
130810 -415.605959
130811 -431.663413
130812 -431.645433
130813 -447.67926
130814 -435.450349
130815 -451.510215
130816 -451.472389
130817 -467.512071
130818 -452.784603
130819 -472.620175
130820 -488.657603
130822 -472.630791
130823 -488.662447
130824 -488.674368
130825 -452.776691
130826 -468.81465
130827 -472.62062
130828 -488.677143
130829 -488.641518
130830 -504.677885
130831 -452.780747
130832 -468.81107
130833 -468.837107
130834 -468.821128
130835 -484.847341
130836 -468.81372
130837 -484.847043
130838 -500.862536
130839 -415.612401
130840 -431.715141
130841 -435.45235
130842 -451.552258
130843 -452.787445
130844 -472.626352
130845 -488.66096
130846 -431.64351
130847 -451.489623
130848 -467.586733
130849 -415.610317
130850 -435.455831
130851 -451.551456
130852 -451.492079
130853 -467.585588
130856 -415.610098
130857 -431.71304
130858 -435.449352
130859 -451.548634
130860 -472.61467
130862 -452.791665
130863 -468.809266
130864 -472.631788
130866 -452.785574
130867 -472.621412
130868 -452.787928
130870 -468.809816
130872 -415.608651
130873 -431.710761
130874 -452.781144
130875 -435.452064
130876 -451.550555
130877 -472.621677
130880 -451.507611
130881 -467.60435
130882 -488.667674
130887 -504.699518
130888 -488.68135
130889 -468.829668
130893 -488.689638
130894 -415.605698
130895 -431.706184
130896 -452.789357
130897 -468.833263
130898 -468.834275
130899 -415.605104
130900 -431.708571
130901 -431.642723
130902 -447.742608
130903 -468.814228
130904 -435.447899
130905 -451.545136
130906 -451.507796
130907 -467.601404
130908 -472.625383
130910 -488.668641
130911 -435.447615
130912 -451.54853
130913 -472.611342
130914 -488.668374
130915 -451.467315
130916 -467.563485
130917 -488.635856
131003 -415.610042
131004 -431.713294
131005 -452.787421
131006 -468.812862
131007 -431.638776
131008 -447.739546
131009 -415.608259
131010 -431.710197
131011 -452.781403
131012 -468.800481
131013 -452.781674
131014 -431.664356
131015 -447.763841
131016 -468.834575
131018 -468.84081
131019 -431.649257
131020 -447.749157
131021 -468.808901
131022 -484.826645
131023 -468.822203
131024 -415.609949
131025 -431.709996
131026 -452.782056
131027 -452.792816
131028 -468.838188
131029 -431.66614
131030 -447.762843
131031 -468.834103
131032 -468.835571
131033 -447.680421
131034 -463.777381
131036 -484.854546
131037 -431.640184
131038 -447.738081
131039 -468.810814
131040 -468.811793
131041 -484.860407
131042 -448.948743
131043 -448.954458
131044 -464.944882
131045 -448.956573
131046 -464.98328
131048 -505.974315
131049 -525.849804
131092 -486.074351
131166 -466.184789
131167 -486.028333
131168 -486.083867
131178 -470.017985
131210 -470.022291
131215 -489.930846
131219 -450.146516
131220 -432.891224
131221 -452.742578
131222 -448.9281
131223 -468.785342
131224 -452.73994
131225 -468.823892
131226 -432.885702
131227 -448.919228
131240 -448.938073
131241 -448.953136
131242 -468.801998
131243 -448.950325
131244 -448.951449
131245 -468.815773
131246 -464.963559
131247 -484.819793
131248 -468.822471
131249 -431.645639
131250 -447.746614
131257 -432.880216
131258 -452.734618
131259 -448.914457
131260 -432.882399
131261 -448.945833
131262 -448.933455
131263 -464.957172
131273 -466.211965
131275 -448.958651
131276 -464.992281
131277 -448.950391
131278 -464.983526
131279 -468.831199
131280 -431.649992
131281 -447.750947
131288 -486.095549
131289 -505.965366
131290 -525.871829
131291 -505.985569
131292 -505.95766
131311 -448.953964
131312 -448.961518
131313 -468.824227
131314 -464.985299
131315 -464.999443
131316 -484.846152
131325 -464.996306
131326 -464.996557
131327 -484.8585
131328 -481.007527
131329 -500.861989
131330 -505.97529
131331 -448.943205
131332 -464.9785
131333 -464.978214
131334 -480.989613
131335 -468.807328
131336 -484.84183
131337 -484.825785
131338 -500.839248
131343 -466.189334
131344 -466.203745
131348 -486.107314
131349 -505.989185
131350 -486.113597
131357 -466.223583
131358 -470.045191
131359 -452.737297
131363 -432.891054
131364 -452.759488
131365 -448.929399
131371 -448.941495
131372 -464.958927
131373 -432.89425
131374 -448.952003
131376 -448.928931
131377 -452.757764
131380 -448.950671
131381 -464.992745
131382 -464.979081
131383 -481.000887
131391 -450.145746
131392 -470.04799
131400 -466.179857
131401 -486.082167
131408 -486.053175
131409 -505.910675
131410 -525.809025
131411 -505.932412
131412 -525.810678
131417 -505.951599
131418 -525.808975
131419 -545.705155
131420 -505.959311
131421 -525.820618
131428 -469.994737
131429 -486.066164
131430 -489.895572
131431 -505.965357
131433 -505.934183
131437 -452.746755
131438 -472.611355
131447 -468.801191
131448 -484.840334
131449 -484.827534
131457 -469.996018
131458 -489.896844
131886 -469.969442
131887 -486.03137
131888 -489.829281
131889 -505.892115
131895 -489.837858
131897 -505.893351
131904 -505.873724
131905 -489.835306
131906 -525.751205
131912 -489.828048
131913 -505.876705
131914 -505.890361
131915 -436.678761
131916 -452.721537
131917 -452.722219
131918 -468.762087
131919 -468.768245
131920 -452.722303
131922 -468.762088
131923 -468.76833
131926 -525.737091
131927 -545.643999
131935 -505.888985
131936 -489.837245
131939 -469.960879
131940 -489.821933
131972 -486.007816
131973 -505.863067
131974 -521.9231
131975 -486.001177
131976 -505.843005
131977 -521.884172
131979 -505.845642
131980 -485.996072
131981 -505.836463
131983 -521.910118
131985 -486.007985
131986 -502.042129
131988 -521.901921
131989 -505.852703
131990 -521.866339
131991 -525.71922
131992 -484.774464
131993 -484.77562
131994 -500.763508
131995 -505.885048
131996 -541.774447
132000 -521.935832
132001 -541.75257
132002 -561.657914
132019 -494.048374
132021 -497.886249
132022 -513.945423
132023 -458.125405
132024 -478.025552
132025 -474.18382
132026 -494.081547
132027 -477.992298
132028 -497.890255
132029 -494.052561
132030 -513.948257
132031 -477.998676
132032 -477.9912
132033 -502.012889
132034 -521.879336
132035 -513.920665
132036 -537.938492
132037 -497.898779
132038 -497.891378
132039 -541.776407
132040 -533.816894
132041 -557.833494
132057 -458.128201
132058 -474.190211
132059 -477.996715
132060 -494.059967
132061 -478.038587
132062 -494.099833
132063 -497.903137
132064 -513.966301
132065 -478.044067
132066 -478.002274
132067 -497.905903
132068 -474.196654
132069 -494.104094
132070 -494.064654
132071 -513.967469
132073 -502.021589
132074 -518.082453
132075 -497.879187
132076 -521.887936
132077 -513.933782
132078 -513.932131
132079 -537.949706
132080 -521.930546
132081 -537.990124
132082 -541.792032
132083 -533.838705
132084 -557.852936
132106 -477.998851
132108 -497.906047
132109 -494.053424
132110 -494.088673
132111 -513.960834
132113 -494.047281
132115 -513.952659
132124 -513.943383
132126 -478.002227
132127 -497.872711
132128 -521.889869
132129 -497.907771
132130 -517.779509
132131 -541.794699
132132 -494.062059
132133 -518.074872
132134 -513.925639
132135 -537.937882
132136 -533.84994
132137 -557.844319
132138 -518.071091
132139 -513.919747
132140 -537.936423
132141 -533.824229
132142 -557.838652
132158 -477.991729
132160 -497.887269
132161 -458.128584
132162 -478.028554
132163 -474.195608
132164 -494.092965
132165 -477.996356
132166 -497.894133
132167 -494.061969
132168 -513.95715
132170 -494.058836
132171 -513.955298
132173 -477.993916
132174 -502.022276
132175 -521.88809
132176 -497.893987
132177 -541.781905
132178 -494.070983
132179 -518.084974
132180 -513.931591
132181 -537.949523
132182 -533.831511
132183 -557.843763
132198 -477.999563
132200 -494.06666
132202 -497.898622
132204 -513.964099
132205 -474.213705
132206 -494.070402
132208 -510.132938
132209 -513.967726
132210 -530.031972
132212 -502.025686
132213 -521.895169
132215 -494.078398
132216 -518.091809
132217 -513.942454
132218 -513.942663
132219 -537.960143
132220 -497.907074
132221 -541.79255
132222 -533.838969
132223 -533.843571
132224 -557.8554
132225 -510.141105
132226 -530.003466
132227 -554.019864
132228 -549.906054
132229 -573.916333
132230 -494.103521
132231 -513.971543
132232 -533.8392
132233 -494.098915
132234 -513.969942
132235 -514.008571
132236 -533.875351
132237 -533.833835
132238 -510.174011
132239 -530.040715
132240 -549.900884
132241 -510.164941
132242 -530.034079
132243 -549.896499
132244 -407.553657
132245 -423.658371
132246 -423.607659
132247 -439.709742
132248 -423.598075
132249 -439.700989
132250 -423.599335
132251 -439.702302
132252 -439.656686
132253 -455.756823
132254 -423.606562
132255 -439.70932
132256 -439.658733
132257 -455.758555
132258 -439.648072
132259 -455.748667
132260 -439.655032
132261 -455.755733
132262 -455.710291
132263 -471.807821
132292 -474.207133
132293 -478.009597
132294 -494.07932
132295 -478.046752
132296 -494.11717
132297 -497.917999
132298 -513.987715
132299 -478.010599
132300 -478.046469
132301 -497.918482
132302 -494.077948
132303 -494.111311
132304 -513.984145
132305 -474.240494
132306 -490.281158
132307 -494.075014
132309 -513.984112
132310 -530.058656
132311 -494.083996
132312 -494.117743
132313 -513.991383
132314 -490.280075
132315 -510.149746
132316 -510.181385
132317 -530.054575
132318 -478.019598
132319 -502.033719
132320 -497.887921
132321 -521.904854
132322 -517.795531
132323 -541.810654
132324 -494.085871
132325 -518.102798
132326 -513.953539
132327 -537.965962
132328 -533.864697
132329 -557.882306
132330 -494.094606
132331 -518.10249
132332 -513.958792
132333 -513.956257
132334 -537.971732
132335 -533.864147
132336 -533.863052
132337 -557.876652
132338 -510.15921
132339 -534.17
132340 -530.021451
132341 -530.023012
132342 -554.0353
132343 -549.926388
132344 -549.927723
132345 -573.94274
132374 -474.239378
132376 -461.980425
132377 -486.003869
132378 -478.048028
132379 -478.051539
132380 -502.069632
132382 -474.240489
132383 -478.053159
132384 -502.070813
132385 -494.119873
132386 -494.117863
132387 -518.135614
132388 -494.12059
132389 -518.137029
132390 -490.31061
132391 -510.185998
132392 -534.201548
132393 -481.85727
132394 -505.880803
132395 -529.903101
132396 -497.929148
132397 -521.945952
132398 -497.93221
132399 -521.9499
132400 -545.966118
132401 -513.9987
132402 -513.995877
132403 -538.013552
132404 -538.011467
132405 -562.027366
132406 -530.057972
132407 -554.073411
132408 -578.086781
132409 -444.733109
132410 -460.784699
132411 -460.775537
132412 -460.774434
132413 -476.829696
132414 -460.781784
132415 -476.83138
132416 -476.821917
132417 -476.831549
132418 -492.884675
132442 -478.000542
132444 -497.90625
132445 -478.043099
132446 -478.005386
132447 -497.908508
132449 -494.052669
132451 -513.955353
132452 -474.198127
132453 -494.10429
132454 -494.066705
132455 -513.968455
132456 -494.06598
132458 -513.970506
132459 -494.095393
132460 -494.059587
132461 -513.960117
132462 -478.014374
132463 -478.002742
132464 -502.027137
132465 -497.878489
132466 -497.885956
132467 -521.896842
132468 -517.783946
132469 -517.787527
132470 -541.800454
132471 -494.06666
132472 -518.085222
132473 -513.929353
132474 -513.930905
132475 -537.947339
132476 -533.831682
132477 -533.832116
132478 -557.847803
132479 -494.08169
132480 -518.088642
132481 -513.9424
132482 -513.934842
132483 -537.956482
132484 -533.845049
132485 -557.858481
132594 -461.977485
132595 -461.977432
132596 -486.001746
132598 -478.03129
132599 -478.036786
132600 -502.05531
132601 -478.04055
132602 -478.036358
132603 -502.058933
132608 -461.975484
132609 -461.97703
132610 -485.995405
132611 -478.039928
132612 -478.041144
132613 -502.059056
132616 -461.976456
132617 -485.999996
132620 -478.044963
132621 -502.062744
132629 -478.032219
132630 -502.049389
132631 -494.091207
132632 -494.092499
132633 -518.10954
132636 -478.034044
132637 -502.055383
132639 -494.096989
132640 -494.100913
132641 -518.116253
132642 -478.045543
132643 -478.04122
132644 -502.064725
132645 -494.097023
132646 -494.0978
132647 -518.115497
132648 -494.102211
132649 -494.099001
132650 -518.120674
132651 -474.223618
132652 -478.031174
132653 -478.034204
132654 -502.050954
132655 -494.096715
132656 -494.099873
132657 -518.115786
132658 -478.028852
132659 -478.03049
132660 -502.053196
132662 -494.094062
132663 -494.096076
132664 -518.112922
132665 -481.853416
132666 -481.855155
132667 -505.872938
132668 -481.856407
132669 -505.877768
132670 -505.878995
132671 -529.89637
132672 -497.921324
132673 -497.922292
132674 -521.939938
132675 -497.92339
132676 -521.939914
132677 -521.941197
132678 -545.957395
132679 -497.907516
132680 -497.908938
132681 -521.925487
132682 -497.91478
132683 -521.93105
132684 -545.948105
132685 -513.971415
132686 -513.972027
132687 -537.98872
132688 -513.97269
132689 -537.989197
132690 -537.990144
132691 -562.005307
132692 -497.913609
132693 -497.913379
132694 -521.93154
132695 -497.916359
132696 -521.932607
132697 -521.934169
132698 -545.949681
132699 -513.973984
132700 -513.977601
132701 -513.975954
132702 -537.991833
132703 -537.995041
132704 -562.008586
132705 -444.73468
132706 -460.772581
132707 -476.822687
132708 -476.819461
132709 -460.786803
132710 -476.837798
132711 -476.822687
132712 -407.554118
132713 -423.659642
132714 -423.596722
132715 -439.700463
132716 -439.648007
132717 -455.749659
132718 -439.641879
132719 -455.743598
132720 -423.608376
132721 -439.712111
132722 -439.66042
132723 -455.762223
132724 -439.648007
132725 -455.749659
132777 -461.977838
132778 -461.977327
132779 -485.996481
132780 -478.024902
132781 -478.023074
132782 -502.041852
132783 -478.037277
132784 -478.037519
132785 -502.054897
132786 -494.096623
132787 -494.098445
132788 -518.114048
132789 -461.97757
132790 -486.00107
132791 -478.035417
132792 -478.039384
132793 -502.057106
132794 -478.026166
132795 -502.04811
132796 -494.099752
132797 -518.115587
132801 -478.035045
132802 -478.034143
132803 -502.052572
132804 -474.221145
132805 -481.854481
132806 -481.856395
132807 -505.873597
132808 -505.874264
132809 -529.891483
132810 -497.898681
132811 -497.901866
132812 -521.919621
132813 -545.934864
132814 -497.913682
132815 -497.913627
132816 -521.929959
132817 -497.914162
132818 -521.930235
132819 -545.946086
132820 -513.97418
132821 -537.989085
132822 -562.003002
132823 -407.553046
132824 -423.657643
132825 -423.596309
132826 -439.699047
132827 -423.600559
132828 -439.70341
132829 -423.597191
132830 -439.699086
132831 -439.643601
132832 -455.743373
132833 -423.60756
132834 -439.71054
132835 -439.647772
132836 -455.748407
132837 -439.657878
132838 -455.758965
132839 -444.729329
132841 -460.777766
132842 -460.771356
132844 -460.782785
132846 -476.832233
132851 -533.801712
132852 -553.699067
132868 -478.039748
132869 -477.99816
132870 -497.900601
132874 -494.08612
132876 -494.046033
132878 -513.946974
132879 -474.195248
132880 -494.101345
132881 -494.061446
132882 -513.96159
132883 -478.002453
132884 -478.013914
132885 -502.026424
132886 -494.065496
132888 -497.904759
132889 -521.928256
132890 -513.966795
132891 -497.878177
132892 -521.885804
132893 -513.929235
132895 -541.788499
132896 -533.829964
132897 -557.843993
132912 -477.996795
132913 -478.03865
132914 -497.903955
132918 -477.992553
132919 -494.052483
132921 -513.957303
132922 -474.223618
132923 -494.058507
132924 -494.100678
132925 -513.965865
132927 -502.024588
132928 -518.086564
132929 -497.907042
132930 -521.930065
132931 -521.887261
132932 -537.945836
132933 -541.791814
132934 -557.84977
132936 -494.09778
132937 -513.996136
132938 -494.055698
132948 -478.020198
132949 -477.986863
132950 -497.880789
132951 -477.989354
132954 -541.769498
133303 -493.995724
133305 -510.033656
133306 -474.156276
133307 -490.185513
133308 -494.003747
133309 -510.038355
133310 -513.893328
133312 -494.064566
133313 -510.093074
133314 -513.906762
133315 -529.940511
133316 -494.049095
133317 -494.048721
133318 -518.065488
133319 -494.051268
133320 -494.056242
133321 -518.071343
133322 -474.166894
133323 -494.073383
133324 -494.014226
133325 -513.914654
133326 -494.056241
133327 -494.051268
133328 -518.071336
133329 -490.19566
133330 -510.100732
133331 -510.051564
133332 -529.950315
133333 -474.153437
133334 -490.179842
133335 -493.99878
133336 -513.894877
133337 -510.057419
133340 -494.007717
133341 -474.164182
133342 -494.011558
133343 -513.902438
133344 -494.073056
133345 -513.915506
133346 -474.174902
133347 -494.080639
133348 -494.021522
133349 -513.920789
133350 -474.160362
133351 -494.00051
133352 -513.892092
133354 -510.076134
133355 -490.228645
133356 -510.069827
133357 -529.970764
133358 -510.132534
133359 -529.974465
133360 -490.236885
133361 -510.140517
133362 -510.083983
133363 -529.98088
133365 -494.048699
133366 -494.049096
133367 -518.065488
133368 -490.224079
133369 -474.161421
133370 -490.223071
133372 -510.125406
133373 -494.069176
133374 -510.126806
133375 -474.16798
133376 -490.235732
133377 -474.162333
133378 -490.200021
133380 -510.069289
133381 -494.010366
133382 -510.065981
133384 -529.966636
133385 -513.911931
133386 -529.968647
133387 -494.016525
133388 -513.912522
133389 -510.08355
133390 -529.976737
133391 -494.005362
133392 -513.89714
133393 -510.021854
133394 -529.909633
133395 -537.884315
133398 -518.047719
133399 -513.88847
133400 -537.893132
133401 -553.92574
133402 -557.779473
133405 -537.954441
133406 -557.793701
133407 -573.824685
133409 -537.900762
133410 -518.055023
133411 -537.899869
133412 -557.793085
133413 -537.962095
133414 -557.800808
133415 -492.834609
133416 -455.65915
133417 -471.758261
133419 -557.779711
133420 -553.963596
133421 -549.840431
133422 -573.854923
133423 -492.838426
133424 -455.666248
133425 -471.765243
133426 -490.204844
133427 -518.05717
133429 -490.220651
133431 -510.110103
133432 -530.001305
133433 -510.129844
133434 -510.066303
133437 -513.898079
133438 -537.902169
133439 -529.944776
133440 -529.9484
133442 -553.953075
133446 -549.82174
133447 -569.7173
133448 -557.801051
133450 -573.854764
